$ANSIBLE_VAULT;1.1;AES256
30386666633736623463386335353265383965353131626364323734313739393165643562323638
3137663831363739663039356635353934646565623434330a646165336565396239633332336534
39313864636438353433656333623737346564663561363161376632333135316636376336376432
3561626437396565300a333939613830396562303366303336653138326236353035393430323064
64333430653263386335363161626334333161636135636639373736653734393832366238636465
61323939646562363237303235363632653036393364346634366130633766643234373539616564
36643832396636313664303832613938636437643535343037393831346635313230653733333166
63653235373066363163653836323038333930346663346236623535616633316463393332393036
61663434623634326639303531623663643039383566656263386265306261633738373537346134
31663066666161313465663437623465366338326366373730336433346334653966656462393961
31303765393932383439636234316532366334306234633138356230303732636637653735613838
37373363383438313062333863363738376338636532633131626161653338366337323531373661
30316633313961663331386138653439333536316635376562633430323238346431303637646661
34356639393364356330393831633234333837626237666662313538323963323136333531643034
63623930333039363539343530303234396661373137653130633138303562653634653864613861
35386262636637383232633230653034353537663737373164623533353864643635636665333862
39353863343466663362373736303230303233386664363639326637666531653931313264303665
64353264666263353230646431616231633034323464356464653732383232653632623037393164
33386466663034643733373732376633633365663636323066616635306234633534333363383937
37306331666431316238353262656238336336623861353733343064623564336533663863353433
32366562366334613639393834633433613135373539623639633733653663623065613164393963
37343735633332663639616162323039326531383030373961383630313333383761626266393762
63326331616366656137666132613735356433643261383965633464336131323433316638363434
62336432343665396362366666333335326262626466333232626334313834626261363837303532
37333761376363303239393237653266353562356438386334653333356435393238613163356163
32656365653330656665353261613639656431356630623735653165313964346135386162633039
36613130356631333462613130323961383164653336313532313964343164616136373237636131
61396132653562353233626333666230396535623430616665373531633663356165393136323730
66323332656337336134343336353966643038353238313866383335366530363261366666616165
37663431326639623733383761636333336433646436616465363661303530313661613037393330
63346636393162383336666439343039306433616361656434616636636661393864623661326162
39306534663036376230623838623831303063636563636430353863356634366534353730306561
63386138376433306234306463386339626165656131623866333764363639323262623330396562
66666636396161613838396261383230643032333964323662633330663033383135623431303466
64393930393766613261366432616630656139626537393134356162616438613033303936386630
65393233656234653930303164616431626161356130306331383232353339626138393566383561
63333166303031626266313863303430383161343231613265353036386162386336343162626461
38333136356334613034373032346361326465383331313530376632613363636536363737663734
30363363613536386235346432346530643530326536666135396536363434323864363435303334
61326232306463396466613764333763353461363563636261383566313738666365666430326661
39633033303237653863363166393136656437336464356365656662343933343038373566383465
66393765393338653364623834356663393363306265383334336636626139363834656332396230
35333431343634306465323933333965663861666231383133313161353361613938353334613535
37653734643163343434356436313537376263616332343233646161373632613032353337313330
36326162636531363661626338393337373137383564346566303661366538383536343163363762
33393733303361333165626336613961363337616465663065326130336538326532303965313131
65326462313639323036363566633338386261366530316166623664313061656239386632316163
66643233353164353838643935353437303436373863303161346331356163346436643531393832
32333262343661613864656637656536356561633130303066643936623164663166613265366566
63643939653563323835636433633639313666663838363565623538376236656130656563363730
63323936643137323638313663336263316461386463373366356366373962396661323735643462
37363265616139353365653366623938663630653331396436366138626639656335666134643663
66356139643332396263306633303464313765346530313839636237376361396665653163663237
36633238343465353030383333306366303262363363306231313037373163653564313866393832
33306563363461616436616630376530663537666133666366353663363030663933393935646362
61376566363635616665636263666332333932353838386465663235383239356432343439393962
36623265313465373935663864336633663239303137366363636162653063373466386531623132
39666231333737636333616562373664363530343430626630343435383234656261303132383832
36626433333366303161653261316434663162646631663938623862626663306432373464383734
30633335386439663030306565666232663433623363646132366534636436633061393738383462
31636439653466643037616132316437633931306565303538336332356361656565373137336235
35636139306263383737383364373139363563323566333837343430353030346335316463646638
61356638643838633735306439336662373532616564333538303530653665666437346339613536
31333231393432303938306633666162633233326331386366653132383461323932663061393664
62636533323039303136346135663438623238653034653766643661383637396532373031363637
35323036376166643962653734313962616530366231643130393964326139353137663134666135
63316235643737326530313966626261616533343866633631363930383865363761623632636165
64633164366131633864623339313731313836306534393963306136306465326233376666336439
63303263323461376464313233396565396131376438643538633530356565616561633661326166
38623233376663363735313436653261616532643231303362356137343634626436373431613465
30326538373866346636663361643136353330386134626236633865333164386534656636613239
64636430633265616662646362386336623331613034363437336637333130626430343961303739
38313037626536393161333239633961303133636664623931393761613766376237623836396230
39323366623830356430336235383137336264336464396362613531653831373466613661393161
36303962653763623532383932623662383966656364396136313436303534313139643638353338
32366535623137366634636564323764383438326661626264366262653438616566363338323165
36643764313361633233636232396166383233656261386537356436393261373932336439616236
38636132313832363230393363663061393237333835353134363865393938343933663830303738
64343965646631663231393637346262643963333736613861376632613162346166343265313763
35326538323561656232383463623630393362306234346635303734363030623063326630396337
64383531306638663263363766623930336232313334303332366166663361336334393437656336
30613939333036653331326334623232333464643532316364376336396461313364613030346361
30336433393966653032346434623734653934623837646137616264373162386132333266323065
38623361313337626635303061626566346131363132363735323164623366666266336532646466
39343333643533306530326338346236313063353931303432373938393064313464633330336136
30393332356664646266383261303064353764636661303463613061376133663838326664613331
39653033656432636561656333306134656661643838333861316663393931353964613861626339
61613435616461643764613435613063376663356266343837326666623136376531616437663264
30383437643139383632663531386265366631356337643562336633313736653463316235636133
64616130346533653433626365306233366537336466326536373833613832663934323731303835
30303864363732303131363361353332313761633136653633656639306461613631333233666536
61323230393935333932336334303136323763313532353036393365326563383765303937396665
62363836386635373337316264646435396363336430353839663439666661613232326166373732
39356333633865386637303765393461303437636564616133333638616530363161353630313336
39356233663235303837623537363339653733633130383732393330316162623637373936643466
36313161343736626564363931636463666637316131653435343235306137366666646164343065
37333831363739646263316530646333316436333066653964616662633437326136323235333232
39313335333138373664346532653034653939376635386665346533373962666664643431336438
32653061666434316632623035666166393462346637633634313565633164663863356661333263
31313563306162663837616132356161353766363630336335343666383739633664633230396234
39323135663137383636386231623661646166363637393335306136346264356136336334353962
31633134356263326630633833303635393335396131633361336435313162653136356563316433
64663932376636363266386139356336356137636437636464353135653039366463306430323665
63653863386237376134613731343335373361326138363838343365373665323662353564343265
31623866333364633733653162613935343538366434363161383333353535376337366463323066
38653365626237303539333630396232313633306233613162313864643830363735653034363736
30386530653034313661663439333637653762383064313931343838373736343634363130333361
65383433303531343436383230383063623533626533393932316637376637373731616233643639
62333833363839653136303439306133383361323864306566643732323934343632623562663433
31396633656332656331613737643132393564656232383864326236313133323561323162356433
65396637333931323532383038636435346661353336393830383135323164356639313935323366
61306537326463663634363836616435616464313538623239616439653164643437326335613561
66643065663161616631346237653930616462633834393061303437363661616461393035653262
37316431356631343536396262336132666337303766643331623833386533613533386266663439
30303734616137613466326632663435343336383433313831643734646361363937326430666639
35376336623931383063306634386237353430386639393465326566613266626332356263303963
65376661326661633165613931393336376431373634386236646433323235313666363330626339
33646631356532306237326435623238333561316365363137343134356361346230386666383036
30313965616265643965663137333130333666346263356437303334306136303065623131393064
37313866316265386534633362633635663263373938343531663035373230656338316263653663
31363733316333633132633937316230346632643339376330636238653962646664643136643264
38633732666639386235323235306235343737643432333335633138633734323566336137363531
33303635663031373036346438313334346664303462653064343938353132316336633261393565
37363035613165656566373431326438616438613436623132323261643261626330366563373634
35633331353864306332303837346631666331616536366637363162373866636431623939623063
30376535636665613563333039396234316663333761396133323632643061616436663233323861
63323161653065623363333531626630363764613333663031376162306630366561343338343038
39643537353934386238613039356631653331623831623632626631373937393435643039303036
35623438333062666165383332343635303431333266663165326233393832386534333664643465
39653237366538666138383139373530353062633565353139383538366538313435356635353665
63333164633862363064346665356137616265666439626431613734613232623465366662646562
66323038346333663663346231323034616338396466616536356333396639393136663937636139
33326337653536633739383031303562323763363438663830326132373737323538383635646631
36303636376663663538306135653931343531623235333964633864303932626161343233323434
37666235336534633531343431336265656434376534323932643030356462646536383938313536
65343737656335623330643764306435346665303066653332643533633434623631316639646465
35346133363466303037616237646664653265666461663934303330643135363433363563633838
37323933653465643530376464666361663830376465653066373434666336396264626137386437
61353365643961636233316136363836653562353563653734333861373633626262303962376265
36373461663364366265663137636130326631336632663932396330346338303930363430323032
32633830343633376430363762356564386334316233383064643562393165366466666232393931
63323133393032333538356534616137336137383633663165643235333862353330616438343534
39643639326639363430636463333961346433373061303030653866636332396436353038636636
61396664326537383665323466643836386134356535303064366636643435616230316137343836
64303038373135636438313839646238353366333231353130383738656366356464363931663038
63623165373934383763613037383766623465343338353433396563323264346336373333326261
30626533663931633962323035333131383536633533343036396237346339383737323135656161
31633531643836616232333032633138346565313864623733376236633932643761393061303133
34626337613362386561313066663866666261643163656163636334333338663531303663623530
64613165396465386237333533343639666430356637333630663435303562386366393736363531
66623831386265303462623631643862306436323262616639353838633264363366346131376262
34326131396564316437306633306336373437303662633831633337656464373430326162356336
62333136343663376530303234666136383536653132636563383931366365343533303132326130
61613536613538343463633364376638376237303834343838306139373734376631353833383964
37656232353963393238663661643261356262663337663136326266346664396562633135373634
34353162376665613031343466346535373663346331333737396331663733336235383337303431
38616638323365393935383163313761353766666134316633386332626538323731356464333463
36663233346266633965613365316334616532336233643738636632623365393837663166353530
39343133663361346131356163613637346363646364613636343739353463356364333835663662
64616333336437393338623236376134376139616261363835633163613734386533326636386362
31326635393533313061333238343863313731356562353330393065366534343539386435313831
36623239363439666265356538323838333031366539323765383361653933613532653863633039
61663634663530323735333464373634326461613261633665663530383361343662323364616666
36393162633866633062313831623739373031336262333262306365393739336565396330623264
34356633396434323336393863633432643664313965346336623861643239643035383539383832
62613135643663363830303865636133373766366637616238356337613131613064396534613738
30633563316363373333363962323234316632626134623333353164373463656330663964376530
65333136373731306565366266303865316432383935333662383137353365366566353161623539
39373362306361366565643930653039636664306432383461383237663037346364346331623461
39646265616135623434623830636537626633343464386436333363306631366265386261386462
32303231373230663865336338366338623036343431363233383566376535633064643433653066
65373663616232613064623061386666633966616231383337383363343834613238336333396333
34323433303137326232343938346339396231326562613530366462313937373236383236613037
61373564313734646263373434396231656537393165643862623664393436306662613562336430
36336437383664316333666433336565656232386265623530323831373835383036303464663630
33633666373035353536313765613931343336343862346539386437643561373761323131346165
32643363613036383535636366613064366162656362393936613663626163656532396636306361
66343939333961333534353533633761306430326632623438346634663261626261386531376262
37313462306234663661353336663432353066363366356665326639656337313334616435636232
38613361316530326664633033616364343132306438303864326530663337626236386466666236
65303238626330643331393961336237383463393538613330396164666539623833646539353139
66393965316438376436623532656162343866663234366336643732313064663735616336313833
63353236626262623833376161306634373862333565306662306138303063393432323834316662
39613534616331356262313032366333653232656337626566653165333034383964613464646330
36373438343733646462333937333834383366356632616232353838613661643161623833313933
66353965376662353237623836373139306562656638663035343735653835666434363965636161
30633362636438326661643566346138383264643266663233363935316134383730343036336530
32356331386263393737326533643932646538633531616639656436666539363466373431376461
39363139323066633863663762363535343562386531646633626131373237306539303664343564
65646338336130626565383966373466313265353763633833323161613666333436366262383831
66346162393931323966353434336563373633323530613630396434623632663665396463346466
62306635656139643264353163323664386537643933613535633431316361353535316363646431
38363933313037343864643533633331326430316261643139396266353065313463396239643361
36303930353832653365396335363235663835343034346532313263393833373830653164303862
33646265316338626264376363616638336238306339336530346631343036393731653966656634
32393664306433616532366530313366656163373537346230333864356436643238323863613836
31653438616435376266613732343731633338366137333932656464623737643539666466356237
39363832316139616563373533663039363063326537376339326534643235303766323963316638
33303862353566306162653264383366643663656264626665373739373432396531303635323265
36653030633839623638346437313531613365383862326637626164343365623831383665333066
36383166333036393732613734376462303163613836373262326364643832343736336362383630
39616561356662643964316139613465383536383865353638396238393533653165353836643136
30663163363732313332353634396637313436326138313837623963376133383132633466646662
61646462646463386438343832343332333237643264353933666365323462323162353637323863
66613733386466643230653066613236343532353265656361393139303265316162316238366238
35326261343836373238633362346330393762323139623737356332623034626436346236316337
37356433383563383435643937623830616335306161643465396230653966646633643934333632
31383862623237396335
